    44218864
    44218865
    44218866
    44218867
    44218868
    44218869
    44218870
    44218871
    44218872
    44218873
    44218874
    44218875
    44218876
    44218877
    44218878
    44218879
    44218880
    44218881
    44218882
    44218883
    44218884
    44218885
    44218886
    44218887
    44218888
    44218889
    44218890
    44218891
    44218892
    44218893
    44218894
    44218895
    44218896
    44218897
    44218898
    44218899
    44218900
    44218901
    44218902
    44218903
    44218904
    44218905
    44218906
    44218907
    44218908
    44218909
    44218910
    44218911
    44218912
    44218913
    44218914
    44218915
    44218916
    44218917
    44218918
    44218919
    44218920
    44218921
    44218922
    44218923
    44218924
    44218925
    44218926
    44218927
    44218928
    44218929
    44218930
    44218931
    44218932
    44218933
    44218934
    44218935
    44218936
    44218937
    44218938
    44218939
    44218940
    44218941
    44218942
    44218943
    44218944
    44218945
    44218946
    44218947
    44218948
    44218949
    44218950
    44218951
    44218952
    44218953
    44218954
    44218955
    44218956
    44218957
    44218958
    44218959
    44218960
    44218961
    44218962
    44218963
    44218964
    44218965
    44218966
    44218967
    44218968
    44218969
    44218970
    44218971
    44218972
    44218973
    44218974
    44218975
    44218976
    44218977
    44218978
    44218979
    44218980
    44218981
    44218982
    44218983
    44218984
    44218985
    44218986
    44218987
    44218988
    44218989
    44218990
    44218991
    44218992
    44218993
    44218994
    44218995
    44218996
    44218997
    44218998
    44218999
    44219000
    44219001
    44219002
    44219003
    44219004
    44219005
    44219006
    44219007
    44219008
    44219009
    44219010
    44219011
    44219012
    44219013
    44219014
    44219015
    44219016
    44219017
    44219018
    44219019
    44219020
    44219021
    44219022
    44219023
    44219024
    44219025
    44219026
    44219027
    44219028
    44219029
    44219030
    44219031
    44219032
    44219033
    44219034
    44219035
    44219036
    44219037
    44219038
    44219039
    44219040
    44219041
    44219042
    44219043
    44219044
    44219045
    44219046
    44219047
    44219048
    44219049
    44219050
    44219051
    44219052
    44219053
    44219054
    44219055
    44219056
    44219057
    44219058
    44219059
    44219060
    44219061
    44219062
    44219063
    44219064
    44219065
    44219066
    44219067
    44219068
    44219069
    44219070
    44219071
    44219072
    44219073
    44219074
    44219075
    44219076
    44219077
    44219078
    44219079
    44219080
    44219081
    44219082
    44219083
    44219084
    44219085
    44219086
    44219087
    44219088
    44219089
    44219090
    44219091
    44219092
    44219093
    44219094
    44219095
    44219096
    44219097
    44219098
    44219099
    44219100
    44219101
    44219102
    44219103
    44219104
    44219105
    44219106
    44219107
    44219108
    44219109
    44219110
    44219111
    44219112
    44219113
    44219114
    44219115
    44219116
    44219117
    44219118
    44219119
    44219120
    44219121
    44219122
    44219123
    44219124
    44219125
    44219126
    44219127
    44219128
    44219129
    44219130
    44219131
    44219132
    44219133
    44219134
    44219135
    44219136
    44219137
    44219138
    44219139
    44219140
    44219141
    44219142
    44219143
    44219144
    44219145
    44219146
    44219147
    44219148
    44219149
    44219150
    44219151
    44219152
    44219153
    44219154
    44219155
    44219156
    44219157
    44219158
    44219159
    44219160
    44219161
    44219162
    44219163
    44219164
    44219165
    44219166
    44219167
    44219168
    44219169
    44219170
    44219171
    44219172
    44219173
    44219174
    44219175
    44219176
    44219177
    44219178
    44219179
    44219180
    44219181
    44219182
    44219183
    44219184
    44219185
    44219186
    44219187
    44219188
    44219189
    44219190
    44219191
    44219192
    44219193
    44219194
    44219195
    44219196
    44219197
    44219198
    44219199
    44219200
    44219201
    44219202
    44219203
    44219204
    44219205
    44219206
    44219207
    44219208
    44219209
    44219210
    44219211
    44219212
    44219213
    44219214
    44219215
    44219216
    44219217
    44219218
    44219219
    44219220
    44219221
    44219222
    44219223
    44219224
    44219225
    44219226
    44219227
    44219228
    44219229
    44219230
    44219231
    44219232
    44219233
    44219234
    44219235
    44219236
    44219237
    44219238
    44219239
    44219240
    44219241
    44219242
    44219243
    44219244
    44219245
    44219246
    44219247
    44219248
    44219249
    44219250
    44219251
    44219252
    44219253
    44219254
    44219255
    44219256
    44219257
    44219258
    44219259
    44219260
    44219261
    44219262
    44219263
    44219264
    44219265
    44219266
    44219267
    44219268
    44219269
    44219270
    44219271
    44219272
    44219273
    44219274
    44219275
    44219276
    44219277
    44219278
    44219279
    44219280
    44219281
    44218858
    44218859
    44218860
    44218861
    44218862
    44218863
